	15.0	16.0	17.0	18.0	19.0	20.0	21.0	22.0	23.0	24.0	25.0	26.0	27.0	28.0	29.0	30.0	31.0	32.0	33.0	34.0	35.0	36.0	37.0	38.0	39.0	40.0
1	2.0	18.0	121.0	1287.0	8499.0	29756.0	58682.0	78764.0	84373.0	90780.0	96686.0	107468.0	119086.0	138867.0	157518.0	183050.0	209486.0	260890.0	335096.0	474228.0	706535.0	1050529.0	1786481.0	5315483.0	46023509.0	13544042.0
	15.0	16.0	17.0	18.0	19.0	20.0	21.0	22.0	23.0	24.0	25.0	26.0	27.0	28.0	29.0	30.0	31.0	32.0	33.0	34.0	35.0	36.0	37.0	38.0	39.0	40.0
10	1.0	12.0	158.0	1468.0	9416.0	32843.0	66020.0	89369.0	96612.0	104525.0	110966.0	125000.0	138557.0	163205.0	187116.0	218272.0	250344.0	308143.0	389117.0	546138.0	799848.0	1192059.0	1992995.0	5689080.0	47167632.0	14497207.0
	16.0	17.0	18.0	19.0	20.0	21.0	22.0	23.0	24.0	25.0	26.0	27.0	28.0	29.0	30.0	31.0	32.0	33.0	34.0	35.0	36.0	37.0	38.0	39.0	40.0
11	12.0	176.0	1895.0	11914.0	42054.0	85023.0	116050.0	124372.0	132184.0	139454.0	156649.0	171959.0	203032.0	232967.0	272569.0	313524.0	387942.0	489869.0	689608.0	1010478.0	1509946.0	2505813.0	6957937.0	57231348.0	18652812.0
	15.0	16.0	17.0	18.0	19.0	20.0	21.0	22.0	23.0	24.0	25.0	26.0	27.0	28.0	29.0	30.0	31.0	32.0	33.0	34.0	35.0	36.0	37.0	38.0	39.0	40.0
12	4.0	27.0	229.0	2172.0	13530.0	47146.0	94126.0	127750.0	136024.0	143933.0	151132.0	168210.0	186578.0	220207.0	252744.0	296621.0	341653.0	422922.0	536639.0	754983.0	1103364.0	1644729.0	2734206.0	7626192.0	63915144.0	19421265.0
	14.0	15.0	16.0	17.0	18.0	19.0	20.0	21.0	22.0	23.0	24.0	25.0	26.0	27.0	28.0	29.0	30.0	31.0	32.0	33.0	34.0	35.0	36.0	37.0	38.0	39.0	40.0
13	1.0	2.0	5.0	46.0	567.0	3672.0	13637.0	28978.0	41014.0	44240.0	47449.0	51541.0	58354.0	65626.0	77678.0	91272.0	108694.0	128111.0	161779.0	207910.0	295494.0	440092.0	674768.0	1161578.0	3442783.0	29496910.0	8905764.0
	15.0	16.0	17.0	18.0	19.0	20.0	21.0	22.0	23.0	24.0	25.0	26.0	27.0	28.0	29.0	30.0	31.0	32.0	33.0	34.0	35.0	36.0	37.0	38.0	39.0	40.0
14	2.0	5.0	125.0	1826.0	11349.0	40348.0	82110.0	113482.0	122583.0	131154.0	137449.0	154491.0	170319.0	199862.0	227251.0	265600.0	304992.0	374280.0	472602.0	660583.0	967449.0	1442383.0	2374466.0	6419211.0	50570900.0	16728924.0
	16.0	17.0	18.0	19.0	20.0	21.0	22.0	23.0	24.0	25.0	26.0	27.0	28.0	29.0	30.0	31.0	32.0	33.0	34.0	35.0	36.0	37.0	38.0	39.0	40.0
15	13.0	138.0	1911.0	11433.0	39198.0	79422.0	108129.0	116060.0	122677.0	129703.0	146234.0	162093.0	192015.0	219515.0	257049.0	296063.0	365464.0	462537.0	652436.0	961106.0	1447869.0	2401752.0	6603459.0	53058434.0	17003498.0
	15.0	16.0	17.0	18.0	19.0	20.0	21.0	22.0	23.0	24.0	25.0	26.0	27.0	28.0	29.0	30.0	31.0	32.0	33.0	34.0	35.0	36.0	37.0	38.0	39.0	40.0
16	4.0	19.0	178.0	2065.0	12906.0	44989.0	89123.0	121354.0	128016.0	136275.0	144073.0	160978.0	178636.0	212479.0	244140.0	287988.0	332642.0	411267.0	521531.0	734850.0	1074965.0	1614183.0	2684057.0	7483921.0	60238002.0	18826262.0
	15.0	16.0	17.0	18.0	19.0	20.0	21.0	22.0	23.0	24.0	25.0	26.0	27.0	28.0	29.0	30.0	31.0	32.0	33.0	34.0	35.0	36.0	37.0	38.0	39.0	40.0
2	2.0	10.0	66.0	731.0	4659.0	16419.0	34276.0	47228.0	51435.0	56041.0	60256.0	67878.0	75011.0	88828.0	101030.0	119523.0	139613.0	174255.0	224780.0	320789.0	471956.0	711014.0	1221843.0	3695759.0	28839968.0	8090988.0
	14.0	15.0	16.0	17.0	18.0	19.0	20.0	21.0	22.0	23.0	24.0	25.0	26.0	27.0	28.0	29.0	30.0	31.0	32.0	33.0	34.0	35.0	36.0	37.0	38.0	39.0	40.0
3	1.0	3.0	21.0	193.0	1991.0	12093.0	41341.0	82908.0	113378.0	121198.0	129914.0	137013.0	153762.0	169887.0	200004.0	230758.0	271766.0	315691.0	393205.0	501570.0	707680.0	1038331.0	1551684.0	2600683.0	7411246.0	58032101.0	17184866.0
	15.0	16.0	17.0	18.0	19.0	20.0	21.0	22.0	23.0	24.0	25.0	26.0	27.0	28.0	29.0	30.0	31.0	32.0	33.0	34.0	35.0	36.0	37.0	38.0	39.0	40.0
4	5.0	9.0	98.0	1217.0	7451.0	26798.0	54231.0	74902.0	80482.0	87101.0	92500.0	103629.0	115990.0	137043.0	158945.0	188029.0	219521.0	273513.0	349475.0	494554.0	730176.0	1095110.0	1848844.0	5372452.0	45333708.0	13567161.0
	15.0	16.0	17.0	18.0	19.0	20.0	21.0	22.0	23.0	24.0	25.0	26.0	27.0	28.0	29.0	30.0	31.0	32.0	33.0	34.0	35.0	36.0	37.0	38.0	39.0	40.0
5	5.0	19.0	162.0	1695.0	9874.0	35036.0	71727.0	97682.0	105481.0	113493.0	119825.0	134599.0	151190.0	180278.0	206031.0	245138.0	284276.0	354571.0	455456.0	644427.0	948561.0	1415759.0	2367916.0	6720673.0	55084394.0	17020572.0
	15.0	16.0	17.0	18.0	19.0	20.0	21.0	22.0	23.0	24.0	25.0	26.0	27.0	28.0	29.0	30.0	31.0	32.0	33.0	34.0	35.0	36.0	37.0	38.0	39.0	40.0
6	2.0	14.0	197.0	2173.0	13911.0	47658.0	93355.0	126294.0	134751.0	144252.0	151919.0	169367.0	187121.0	219044.0	247756.0	288951.0	329930.0	405485.0	511794.0	718549.0	1049038.0	1558990.0	2581689.0	7144277.0	59943213.0	19066643.0
	14.0	15.0	16.0	17.0	18.0	19.0	20.0	21.0	22.0	23.0	24.0	25.0	26.0	27.0	28.0	29.0	30.0	31.0	32.0	33.0	34.0	35.0	36.0	37.0	38.0	39.0	40.0
7	1.0	6.0	30.0	208.0	2025.0	11723.0	39938.0	79011.0	107651.0	114632.0	122127.0	128489.0	142319.0	157391.0	185820.0	214083.0	252015.0	294377.0	368201.0	471922.0	670813.0	989002.0	1475870.0	2507276.0	7387498.0	61546958.0	17633736.0
	14.0	15.0	16.0	17.0	18.0	19.0	20.0	21.0	22.0	23.0	24.0	25.0	26.0	27.0	28.0	29.0	30.0	31.0	32.0	33.0	34.0	35.0	36.0	37.0	38.0	39.0	40.0
8	1.0	2.0	20.0	152.0	1690.0	10377.0	35947.0	72381.0	99346.0	106364.0	114764.0	119771.0	133291.0	147325.0	173683.0	198588.0	232127.0	266192.0	327846.0	415914.0	584778.0	854065.0	1270699.0	2109267.0	5932365.0	49755001.0	15489394.0
	15.0	16.0	17.0	18.0	19.0	20.0	21.0	22.0	23.0	24.0	25.0	26.0	27.0	28.0	29.0	30.0	31.0	32.0	33.0	34.0	35.0	36.0	37.0	38.0	39.0	40.0
9	1.0	21.0	193.0	2174.0	13539.0	46905.0	94650.0	130973.0	139948.0	147379.0	155121.0	176202.0	193188.0	224479.0	256848.0	301498.0	349470.0	432298.0	548754.0	771944.0	1136109.0	1692291.0	2809959.0	7818482.0	64997042.0	21696166.0

